Media: 0.533798
Intervalo: (0.525165 - 0.542430)
