Media: 0.538793
Intervalo: (0.532064 - 0.545522)
