Media: 0.517227
Intervalo: (0.509720 - 0.524734)
