Media: 0.149346
Intervalo: (0.140999 - 0.157694)
