Media: 35.717069
Intervalo: (35.227973 - 36.206165)
