Media: 0.336862
Intervalo: (0.330712 - 0.343013)
