Media: 0.506957
Intervalo: (0.498655 - 0.515258)
