Media: 0.352548
Intervalo: (0.339607 - 0.365489)
