Media: 0.340245
Intervalo: (0.335056 - 0.345434)
