Media: 35.463002
Intervalo: (34.695803 - 36.230202)
