Media: 0.128391
Intervalo: (0.099671 - 0.157111)
