Media: 35.741961
Intervalo: (35.342328 - 36.141594)
