Media: 37.463395
Intervalo: (36.896019 - 38.030772)
