Media: 0.357207
Intervalo: (0.350862 - 0.363553)
