Media: 0.128285
Intervalo: (0.094988 - 0.161582)
