Media: 0.141719
Intervalo: (0.131435 - 0.152003)
