Media: 8.060444
Intervalo: (7.226597 - 8.894291)
