Media: 0.016475
Intervalo: (0.008799 - 0.024152)
