Media: 0.094959
Intervalo: (0.089433 - 0.100486)
