Media: 0.323809
Intervalo: (0.313839 - 0.333779)
