Media: 0.341180
Intervalo: (0.333646 - 0.348714)
