Media: 0.015786
Intervalo: (0.012300 - 0.019273)
