Media: 0.042022
Intervalo: (0.033601 - 0.050443)
