Media: 4.931842
Intervalo: (4.839382 - 5.024301)
