Media: 0.088665
Intervalo: (0.080979 - 0.096351)
