Media: 0.216922
Intervalo: (0.211174 - 0.222670)
