Media: 0.191918
Intervalo: (0.184843 - 0.198992)
