Media: 5.422542
Intervalo: (5.250299 - 5.594784)
