Media: 0.211870
Intervalo: (0.200974 - 0.222766)
