Media: 0.053318
Intervalo: (0.049967 - 0.056668)
