Media: 0.187701
Intervalo: (0.180297 - 0.195105)
