Media: 16.142123
Intervalo: (14.669556 - 17.614690)
