Media: 39.303605
Intervalo: (37.766110 - 40.841101)
