Media: 0.111147
Intervalo: (0.104253 - 0.118042)
