Media: 0.013303
Intervalo: (0.006679 - 0.019926)
