Media: 0.012256
Intervalo: (0.007039 - 0.017474)
