Media: 0.232904
Intervalo: (0.224787 - 0.241022)
