Media: 0.118246
Intervalo: (0.113905 - 0.122588)
