Media: 0.237523
Intervalo: (0.228617 - 0.246429)
