Media: 35.597266
Intervalo: (34.034907 - 37.159625)
