Media: 0.238176
Intervalo: (0.228149 - 0.248203)
