Media: 0.122260
Intervalo: (0.117568 - 0.126952)
