Media: 0.119792
Intervalo: (0.115931 - 0.123653)
