Media: 37.743379
Intervalo: (36.180351 - 39.306407)
