Media: 0.017422
Intervalo: (0.011338 - 0.023506)
