Media: 0.013299
Intervalo: (0.006844 - 0.019755)
