Media: 36.544098
Intervalo: (33.744941 - 39.343256)
