Media: 0.241958
Intervalo: (0.234975 - 0.248941)
