Media: 0.050898
Intervalo: (0.038689 - 0.063108)
