Media: 4.154842
Intervalo: (3.532376 - 4.777307)
