Media: 0.185926
Intervalo: (0.179247 - 0.192604)
