Media: 0.100195
Intervalo: (0.093057 - 0.107333)
