Media: 0.329750
Intervalo: (0.322385 - 0.337115)
