Media: 0.099456
Intervalo: (0.091997 - 0.106915)
