Media: 19.857936
Intervalo: (17.187132 - 22.528740)
