Media: 0.017634
Intervalo: (0.010611 - 0.024658)
