Media: 17.438086
Intervalo: (15.165876 - 19.710297)
