Media: 0.049398
Intervalo: (0.043482 - 0.055313)
