Media: 0.014202
Intervalo: (0.009661 - 0.018742)
