Media: 0.188434
Intervalo: (0.181176 - 0.195693)
