Media: 0.213830
Intervalo: (0.202006 - 0.225654)
