Media: 0.214894
Intervalo: (0.207966 - 0.221823)
