Media: 5.170614
Intervalo: (4.997054 - 5.344175)
