Media: 0.329974
Intervalo: (0.322918 - 0.337030)
